985082024
876212541
932758365
955883229
945517844
869063862
902897620
913648856
869291669
957717415
958749013
843012638
910875478
868419977
926741361
900755760
903912480
916407897
901485809
828652059
915658983
941475044
871319290
903016385
948166375
956902613
933303398
893860273
975853351
876579604
915451914
917737664
894786425
898266144
879750577
921012022
980037971
925845069
930738201
886278115
890222468
849431193
918230831
996185305
965844065
902996020
940223473
934924556
898000328
975716863
------------------------ Docker --------------------
3665743814
3556622401
4577033070
4672366471
5244695321
5282309096
5071510073
5342572988
5687706392
5533624853
5596363784
5850439950
5684028350
6001171314
6140431512
6122180201
6395998631
6573290137
6476080581
6949722568
6984589935
7029188254
7309909510
7604539827
7106179986
6860603172
7509854854
7670654038
7371953074
8633424049
8058912585
8577439000
7616085981
15594190168
6070385406
4613992762
3262717143
3890355009
4525337030
4702694375
5378827855
5129914698
5917083264
5662825744
6082777740
5757537954
5947680125
5639400083
7782554134
6765398640
6014989183
6096838503
6531103414
995700086
186574133
1474544679
5516425
1019651389
215601665
1005347190
7699246
987218986
1118904365
1063821968
1263589253
1125113500
1078183497
1048804358
225900950
1159988162
18779544
1046144011
1552513977
1166276860
1204060802
1047731999
1038720639
1138295294
12473129
1077095087
9188655
1114505277
1117671173
5132669
1174504244
914427794
949063497
935717119
997282600
1065571824
905612758
957734583
966208525
972075371
910402774
949694096
922576526
913291019
1094407765
1022603419
979097716
976172128
1042359197
1005632139
1018590485
983107143
1009362711
929049568
1033281674
982596285
916186026
986330495
956740638
906783808
1060453783
993816872
1054282394
943441785
912051881
937462665
951286165
939481102
915628107
1047093111
958663039
905272837
1003017364
987745917
949566264
947587665
984652022
966081118
942887166
893369101
988818561
985472406
974956076
983059088
1034110599
1015730558
1002960522
1032318596
958640841
991932404
1015742337
1056771641
1025338068
984958455
1025917647
1021688485
940001420
1129578827
1075674964
1127847177
1049541639
1176877540
944212350
946998266
1085276714
1011127821
1016603827
1072995053
1022087140
954847218
1051013033
1038669952
972777752
981068613
994645644
1077930355
937381623
956558915
947758857
994038672
988715021
1084771810
913751272
959957356
1010182464
1091701897
935837705
960935275
994698148
884513144
1014912687
1019813415
1034185208
972834028
977683869
1083075405
1015265950
1094505097
1174683074
1121357192
1073518719
1108195118
1000991911
991926295
1071072086
938413757
1017644465
968698861
1087735253
1057075379
988570756
932306756
1187351384
1037299580
955946661
910851423
1013828781
1002962663
932432310
1007927616
1044606968
922636256
976360603
980514296
998025867
1210507974
992563603
973528652
971767365
1013747156
1110637318
1047466687
1001422055
910133149
1001183615
999233263
983045159
1090035623
988409347
1066587000
980213957
1015301793
984556025
996468874
1014026673
1003015900
1127777651
915499939
1006048515
1020257398
951486135
948100858
1029402237
967189604
1134532838
1253945611
1034047853
1051154375
1075945772
932375218
985465046
1089900805
936250080
1087817826
1275554013
1272132312
1183098331
1227759866
1050352612
1153078809
985026761
976306219
1038017584
1114065716
1094785228
1009393900
1185824275
1067194729
966293155
911214052
1035395720
961589359
989290704
1012444538
955554836
948409672
926721215
957028651
877054076
1048907516
1018613313
983913536
1034635465
984837032
1003282133
960000470
967424569
1110421197
1013103820
1054212479
1047834156
1055419817
942552238
1057486917
1010296567
1053925998
1054461587
954310901
946400047
954519765
958508973
1104038642
977346839
996250495
1059028106
1139080751
969524321
1049024604
927273205
978157826
1220827169
945272769
1111998297
1049873991
975103122
1023086841
1095864196
1039394280
974936169
1022097989
1018949236
1086191026
1019895636
969788425
994720466
1015646623
1044531056
1106984393
990086697
1001439005
1089201176
1053373802
1046169658
1105841986
1029958508
1038066931
1028209820
1088769447
1142976173
1060718522
1075783966
1060858450
1164023169
930843891
1221673702
1000676051
986479673
1003136521
1013546989
1054280400
1129991295
1002579578
1036871782
995065036
977289325
1028030688
950290304
939964236
1049416906
1001417035
1416929963
1122499143
1096845785
1140146278
1061914251
1061082945
1053755785
1136177363
1234638728
1463044938
1544928302
1469568753
1409932316
1487923669
1500281430
1697203935
1349022280
920127137
1065502728
1035648186
1061350111
1118840997
934949433
1174846976
1141375164
945500765
1034189349
1095810958
1104131761
1146377003
1170179287
1214419666
6559900979
4242198786
1106338159
1267466165
41466133618
1027048716
13841421734
3093847470
3350598644
3424193282
3318797300
5006875902
2813922840
1076474108
3886179604
2316641532
2421213593
2621713628
2815448934
3586269438
22461534637
47461788511
4516672489
13309318252
10272078437
525337772
3721321696
19911444
3477662053
26406714
3832641037
14106702
5836989737
23954239
4055289484
558321381
4537344207
2515577158
3752011390
3853154504
4037305242
5531719113
2514741657
4115401892
2982369501
3239333928
4135695320
3690337472
3981130073
2321219411
1142566694
1051784248
984217316
1187638543
1321881720
1146148228
1071470452
1050831486
993185687
926717202
713327633
784253949
863049889
876735809
864117155
901003904
994974894
731296430
706225848
754119423
696086131
697332615
713583245
688027412
722032996
723147666
951543023
1007491344
1078853601
1086927411
1116070665
1010469048
981623854
1030491915
1017528215
1187323948
1178453586
1105103939
707878451
970904869
962473608
1238459648
972308716
971290584
923260342
964530222
915334203
981563532
945828066
1034526309
949848819
955299663
980044140
939859462
1056901456
1045654013
948761734
880677013
1060344673
1004393477
1044315183
972680898
949651326
1013908292
994553370
1011994235
1093222089
988509605
1018834701
891351608
977530280
947655750
1041513186
1016160891
950118497
976321501
933654211
1319811378
1143418723
1326198338
1134824170
1018793345
922121292
1002810097
953784275
1051338860
1054971571
996578065
1163038393
752469012
871476563
998671988
906031083
883960441
903530260
858687822
998004111
1010870887
937485068
996765185
1078606877
1143196523
5017629183
3237749971
3152640525
2233121151
2454552928
310585716427
310802779151
949962588
949548763
862097592
1025155068
887159256
1122785781
964165865
974393865
965375618
983069841
1078778243
1010532573
996857517
930187997
925208140
1095568330
963100897
979218440
979368056
1030967675
1036558084
1033556974
1122315189
1263926424
1165860486
1178001757
1208687498
1259033185
1188857934
1247082323
1225796985
1153219998
1209416068
1405815318
1381399604
1148453956
1178983338
1240270428
1180926794
